
part transforms when aligned.

In [8]: rs.GetTransform()
Out[8]: 
array([[  9.99515766e-01,  -4.22727573e-03,  -3.08279794e-02,
         -2.56872897e-03],
       [  5.09297357e-03,   9.99593341e-01,   2.80573273e-02,
         -9.34149035e-04],
       [  3.06968369e-02,  -2.82007470e-02,   9.99130833e-01,
          4.82740634e-03],
       [  0.00000000e+00,   0.00000000e+00,   0.00000000e+00,
          1.00000000e+00]])

In [9]: bc=env.GetKinBody('back')

In [10]: bc.GetTransform()
Out[10]: 
array([[ 0.99983743,  0.01386124, -0.01153144, -0.10128316],
       [ 0.01175656, -0.01627063,  0.9997985 ,  0.0222357 ],
       [ 0.01367082, -0.99977154, -0.01643095,  0.26941612],
       [ 0.        ,  0.        ,  0.        ,  1.        ]])



